{
  "camera_angle_x": 0.6192580724295749,
  "camera_angle_y": 1.0405454789229494,
  "fl_x": 1125.2865071356405,
  "fl_y": 1117.0765370865317,
  "k1": 0.015409787136554035,
  "k2": -0.0611551200810558,
  "k3": 0,
  "k4": 0,
  "p1": 0.0015371538019118144,
  "p2": -0.00185331882240702,
  "is_fisheye": false,
  "cx": 363.5965016680218,
  "cy": 637.6425046053098,
  "w": 720.0,
  "h": 1280.0,
  "aabb_scale": 32,
  "frames": [
    {
      "file_path": "./images_230913091855/0060.jpg",
      "sharpness": 55.3234536226049,
      "transform_matrix": [
        [
          0.8439699076868615,
          -0.4036267492628322,
          0.3532707775731603,
          1.2144898032328622
        ],
        [
          0.5363787108259621,
          0.6394333040774545,
          -0.5508383866520569,
          -1.7738971884736887
        ],
        [
          -0.003559993164064631,
          0.6543779465802931,
          0.7561592620386258,
          2.5384421711313556
        ],
        [
          0.0,
          0.0,
          0.0,
          1.0
        ]
      ]
    },
    {
      "file_path": "./images_230913091855/0059.jpg",
      "sharpness": 56.33562055516655,
      "transform_matrix": [
        [
          0.7516095981597498,
          -0.5010700252006538,
          0.42896601484051317,
          1.3795150462885568
        ],
        [
          0.6595725341212191,
          0.577693104677388,
          -0.4808687440885361,
          -1.5671605369204185
        ],
        [
          -0.00686179519565307,
          0.644359764972206,
          0.7646917085600081,
          2.5796986224630065
        ],
        [
          0.0,
          0.0,
          0.0,
          1.0
        ]
      ]
    },
    {
      "file_path": "./images_230913091855/0057.jpg",
      "sharpness": 126.56556391283198,
      "transform_matrix": [
        [
          0.7130568043733655,
          -0.5217133651737538,
          0.46836434367329594,
          1.4966749791360787
        ],
        [
          0.70107062802028,
          0.537314537026301,
          -0.4688209283165952,
          -1.3784450413490974
        ],
        [
          -0.007068826304510212,
          0.6626524375301299,
          0.7488937032842662,
          2.59671439419026
        ],
        [
          0.0,
          0.0,
          0.0,
          1.0
        ]
      ]
    },
    {
      "file_path": "./images_230913091855/0056.jpg",
      "sharpness": 104.35285630014205,
      "transform_matrix": [
        [
          0.6885114687147731,
          -0.5297527222798313,
          0.4952918440413994,
          1.5396872957053742
        ],
        [
          0.7250138050470721,
          0.5192860206537124,
          -0.4524345380770242,
          -1.3663066061075388
        ],
        [
          -0.017519702554775807,
          0.6705997927659381,
          0.741612417677483,
          2.5661440855552446
        ],
        [
          0.0,
          0.0,
          0.0,
          1.0
        ]
      ]
    },
    {
      "file_path": "./images_230913091855/0055.jpg",
      "sharpness": 104.41329593121098,
      "transform_matrix": [
        [
          0.6186822130999523,
          -0.5735954268283435,
          0.5368618123911886,
          1.6383690039642722
        ],
        [
          0.7853762688785368,
          0.46929600973872926,
          -0.4036649248150091,
          -1.161612535213143
        ],
        [
          -0.020406751491390724,
          0.6713788361545364,
          0.7408333300723701,
          2.4974162681374117
        ],
        [
          0.0,
          0.0,
          0.0,
          1.0
        ]
      ]
    },
    {
      "file_path": "./images_230913091855/0053.jpg",
      "sharpness": 111.34426861534116,
      "transform_matrix": [
        [
          0.3757725155077423,
          -0.6944130936436722,
          0.6136656027950436,
          1.9181423394476786
        ],
        [
          0.9259097965606825,
          0.3088800751409883,
          -0.21744918444092895,
          -0.7540001967237452
        ],
        [
          -0.03854951662485404,
          0.6499104204727222,
          0.7590325290906365,
          2.3355293407598694
        ],
        [
          0.0,
          0.0,
          0.0,
          1.0
        ]
      ]
    },
    {
      "file_path": "./images_230913091855/0054.jpg",
      "sharpness": 67.93587184058175,
      "transform_matrix": [
        [
          0.512485353161889,
          -0.6332264140625125,
          0.5799854062100712,
          1.7826821585688237
        ],
        [
          0.8582707801677996,
          0.39898633866321886,
          -0.3227710790489885,
          -0.9887337655770349
        ],
        [
          -0.027019080752577276,
          0.6631999775107208,
          0.7479543830968793,
          2.3876479911867463
        ],
        [
          0.0,
          0.0,
          0.0,
          1.0
        ]
      ]
    },
    {
      "file_path": "./images_230913091855/0052.jpg",
      "sharpness": 89.38755591074627,
      "transform_matrix": [
        [
          0.2379993211462363,
          -0.7424142360021599,
          0.6262407088363515,
          2.0025720828940146
        ],
        [
          0.9702102243142859,
          0.2117692877801447,
          -0.11766855735193589,
          -0.44379301366957796
        ],
        [
          -0.04525973678129334,
          0.6355901753648717,
          0.770698829177071,
          2.4064043657826146
        ],
        [
          0.0,
          0.0,
          0.0,
          1.0
        ]
      ]
    },
    {
      "file_path": "./images_230913091855/0051.jpg",
      "sharpness": 111.47148193132846,
      "transform_matrix": [
        [
          0.1072756526641355,
          -0.7738795088309913,
          0.6241814161328286,
          2.0753029454714804
        ],
        [
          0.993290684905118,
          0.1106949667669827,
          -0.03346998077906358,
          -0.14270193947015491
        ],
        [
          -0.0431920088295072,
          0.6235841003683539,
          0.7805621821673343,
          2.501714944246537
        ],
        [
          0.0,
          0.0,
          0.0,
          1.0
        ]
      ]
    },
    {
      "file_path": "./images_230913091855/0050.jpg",
      "sharpness": 151.9014637542995,
      "transform_matrix": [
        [
          -0.005498381045185836,
          -0.7884083982979521,
          0.6151276008989809,
          2.1696773815443593
        ],
        [
          0.9989203976568255,
          0.024045140292833594,
          0.03974758324225526,
          0.01782812836713963
        ],
        [
          -0.046128157901851125,
          0.6146820550579902,
          0.7874250214001561,
          2.6391882106493756
        ],
        [
          0.0,
          0.0,
          0.0,
          1.0
        ]
      ]
    },
    {
      "file_path": "./images_230913091855/0049.jpg",
      "sharpness": 137.66936997967005,
      "transform_matrix": [
        [
          -0.07821127753096688,
          -0.7919235385582263,
          0.6055907076838182,
          2.1821266191391753
        ],
        [
          0.9961255519180535,
          -0.03757615271796819,
          0.0795104871261751,
          0.19356588464421862
        ],
        [
          -0.0402104574009393,
          0.6094629947032356,
          0.791794150831982,
          2.809669706447653
        ],
        [
          0.0,
          0.0,
          0.0,
          1.0
        ]
      ]
    },
    {
      "file_path": "./images_230913091855/0048.jpg",
      "sharpness": 194.25207229425885,
      "transform_matrix": [
        [
          -0.1126000681448096,
          -0.7834033827016261,
          0.6112285699425624,
          2.1553385511199865
        ],
        [
          0.9933624044664979,
          -0.07420126823628563,
          0.08789371527496483,
          0.313102166430239
        ],
        [
          -0.02350229879263168,
          0.6170683202462244,
          0.7865585357675126,
          2.8541141465111965
        ],
        [
          0.0,
          0.0,
          0.0,
          1.0
        ]
      ]
    },
    {
      "file_path": "./images_230913091855/0047.jpg",
      "sharpness": 181.49514431361328,
      "transform_matrix": [
        [
          -0.13602736881772653,
          -0.7602920041871287,
          0.6351792057287781,
          2.201539308042039
        ],
        [
          0.9906713752075552,
          -0.09909874515762036,
          0.09353964428374013,
          0.3647908801736023
        ],
        [
          -0.008171981385500019,
          0.6419778089346345,
          0.7666796669043008,
          2.8048313754667733
        ],
        [
          0.0,
          0.0,
          0.0,
          1.0
        ]
      ]
    },
    {
      "file_path": "./images_230913091855/0046.jpg",
      "sharpness": 180.2548426366441,
      "transform_matrix": [
        [
          -0.17488565033072023,
          -0.7318571154357807,
          0.6586350825631864,
          2.25737974329054
        ],
        [
          0.9845701751266973,
          -0.12588306284685039,
          0.1215525595758996,
          0.40963791725044146
        ],
        [
          -0.006048104133611701,
          0.6697302570146179,
          0.7425798296239208,
          2.755430228528262
        ],
        [
          0.0,
          0.0,
          0.0,
          1.0
        ]
      ]
    },
    {
      "file_path": "./images_230913091855/0045.jpg",
      "sharpness": 178.82608615424894,
      "transform_matrix": [
        [
          -0.2338413836362483,
          -0.7004417905670925,
          0.6743140999674013,
          2.366564473948532
        ],
        [
          0.9722452862649917,
          -0.1630577461000165,
          0.16778341626173673,
          0.5777126470929799
        ],
        [
          -0.007570379209689004,
          0.6948334113651875,
          0.719130878142502,
          2.787127877987926
        ],
        [
          0.0,
          0.0,
          0.0,
          1.0
        ]
      ]
    },
    {
      "file_path": "./images_230913091855/0044.jpg",
      "sharpness": 162.01022243744535,
      "transform_matrix": [
        [
          -0.29706050815259355,
          -0.6746769280670429,
          0.6756967495250641,
          2.47660700549917
        ],
        [
          0.9548412076096956,
          -0.20561293600889644,
          0.2144798097640714,
          0.7933335240025283
        ],
        [
          -0.005772586662511122,
          0.7088965815714449,
          0.7052888159954843,
          2.8370591171057176
        ],
        [
          0.0,
          0.0,
          0.0,
          1.0
        ]
      ]
    },
    {
      "file_path": "./images_230913091855/0043.jpg",
      "sharpness": 164.2455848426807,
      "transform_matrix": [
        [
          -0.3614257942576957,
          -0.6512830284548519,
          0.6672344506846649,
          2.615534856935475
        ],
        [
          0.9323863789770981,
          -0.2564430093433181,
          0.2547403055213103,
          0.9915640207319585
        ],
        [
          0.005199572821678067,
          0.7141900306551355,
          0.699932542924,
          2.864673682230085
        ],
        [
          0.0,
          0.0,
          0.0,
          1.0
        ]
      ]
    },
    {
      "file_path": "./images_230913091855/0042.jpg",
      "sharpness": 166.33039602952059,
      "transform_matrix": [
        [
          -0.4243016015297901,
          -0.6275295877849675,
          0.6528206242776649,
          2.6682083716364042
        ],
        [
          0.905388169379447,
          -0.3063441648743185,
          0.29398216849897985,
          1.0983639116633024
        ],
        [
          0.015505279942776846,
          0.7157931748632204,
          0.6981401844915502,
          2.865192885319893
        ],
        [
          0.0,
          0.0,
          0.0,
          1.0
        ]
      ]
    },
    {
      "file_path": "./images_230913091855/0041.jpg",
      "sharpness": 144.56285890121342,
      "transform_matrix": [
        [
          -0.4763020050682976,
          -0.6067669040900704,
          0.6363727870968924,
          2.643542528567492
        ],
        [
          0.8791497734611036,
          -0.34117211901349354,
          0.33271197909198486,
          1.3041500777335058
        ],
        [
          0.015234034749045635,
          0.7179383743647979,
          0.6959399506340075,
          2.858916647340501
        ],
        [
          0.0,
          0.0,
          0.0,
          1.0
        ]
      ]
    },
    {
      "file_path": "./images_230913091855/0038.jpg",
      "sharpness": 93.85061919335263,
      "transform_matrix": [
        [
          -0.6717277934175229,
          -0.5109226616518255,
          0.5364138378618099,
          2.2117573308489944
        ],
        [
          0.7407922836969958,
          -0.46042133877747576,
          0.48912062235558934,
          2.0832033257200275
        ],
        [
          -0.0029264328756168486,
          0.7259271483262456,
          0.6877653752569389,
          2.82682099375908
        ],
        [
          0.0,
          0.0,
          0.0,
          1.0
        ]
      ]
    },
    {
      "file_path": "./images_230913091855/0039.jpg",
      "sharpness": 119.20962672433735,
      "transform_matrix": [
        [
          -0.5888549710556771,
          -0.5583288650033199,
          0.5843960144077972,
          2.335781301314504
        ],
        [
          0.8082328770961118,
          -0.40952483620141744,
          0.42314184963829365,
          1.8306250961214512
        ],
        [
          0.0030723734331604947,
          0.7214972537095174,
          0.6924104804954064,
          2.811986452484443
        ],
        [
          0.0,
          0.0,
          0.0,
          1.0
        ]
      ]
    },
    {
      "file_path": "./images_230913091855/0023.jpg",
      "sharpness": 211.39693458978041,
      "transform_matrix": [
        [
          -0.9722949178276641,
          0.15735883276700047,
          -0.17286061033474093,
          -0.8292336000282038
        ],
        [
          -0.23365973672821283,
          -0.6328565641493169,
          0.7381705064857279,
          3.3709868381559507
        ],
        [
          0.006761677350421741,
          0.7581099966478398,
          0.6520916444724542,
          2.8535906700294933
        ],
        [
          0.0,
          0.0,
          0.0,
          1.0
        ]
      ]
    },
    {
      "file_path": "./images_230913091855/0024.jpg",
      "sharpness": 239.24307926415332,
      "transform_matrix": [
        [
          -0.9867545805345158,
          0.10150424842499436,
          -0.1265396595318033,
          -0.5849771560992811
        ],
        [
          -0.1621287181426072,
          -0.6432780509042236,
          0.7482697561564751,
          3.4973230948112315
        ],
        [
          -0.005447626327885593,
          0.75887432215694,
          0.6512143169702312,
          2.8564838837916477
        ],
        [
          0.0,
          0.0,
          0.0,
          1.0
        ]
      ]
    },
    {
      "file_path": "./images_230913091855/0025.jpg",
      "sharpness": 242.41665971527098,
      "transform_matrix": [
        [
          -0.9952564102366483,
          0.05197745469812023,
          -0.08223759587050945,
          -0.39063646958508186
        ],
        [
          -0.09634799762594481,
          -0.6437435357536349,
          0.7591517131173795,
          3.5671901499071215
        ],
        [
          -0.01348114696000131,
          0.7634740365139003,
          0.645697804189067,
          2.848890694748112
        ],
        [
          0.0,
          0.0,
          0.0,
          1.0
        ]
      ]
    },
    {
      "file_path": "./images_230913091855/0026.jpg",
      "sharpness": 238.303884375,
      "transform_matrix": [
        [
          -0.9989555194205608,
          0.014018277910390288,
          -0.043489748127812713,
          -0.2194862777217325
        ],
        [
          -0.0423287339287008,
          -0.6423626409184137,
          0.7652310212194005,
          3.478637527084537
        ],
        [
          -0.017208968339153013,
          0.766272618256081,
          0.6422850815708248,
          2.814588430336743
        ],
        [
          0.0,
          0.0,
          0.0,
          1.0
        ]
      ]
    },
    {
      "file_path": "./images_230913091855/0027.jpg",
      "sharpness": 285.24656222646735,
      "transform_matrix": [
        [
          -0.9998554579240184,
          -0.015876111980102053,
          -0.006083783078237144,
          -0.07642074251611768
        ],
        [
          0.005625181794759788,
          -0.6465826991527398,
          0.7628231580689627,
          3.345402599185756
        ],
        [
          -0.01604433476230422,
          0.7626786756402736,
          0.6465785467631925,
          2.812799949063682
        ],
        [
          0.0,
          0.0,
          0.0,
          1.0
        ]
      ]
    },
    {
      "file_path": "./images_230913091855/0028.jpg",
      "sharpness": 245.6319626719145,
      "transform_matrix": [
        [
          -0.9985701164922995,
          -0.04474861812774314,
          0.029245234018695585,
          0.038389679100775016
        ],
        [
          0.0514854231013976,
          -0.657820429015843,
          0.7514130251583708,
          3.2271474817242543
        ],
        [
          -0.014386582130176974,
          0.7518442953133778,
          0.6591837239708747,
          2.8189504683429982
        ],
        [
          0.0,
          0.0,
          0.0,
          1.0
        ]
      ]
    },
    {
      "file_path": "./images_230913091855/0029.jpg",
      "sharpness": 133.8788273901998,
      "transform_matrix": [
        [
          -0.9949428108883877,
          -0.08009405685749424,
          0.0606114280166523,
          0.2578950778750492
        ],
        [
          0.09874949807253691,
          -0.6696543237959627,
          0.7360785442138398,
          3.1165822528676053
        ],
        [
          -0.01836681192904566,
          0.7383414039088546,
          0.6741770031543889,
          2.7967953577965092
        ],
        [
          0.0,
          0.0,
          0.0,
          1.0
        ]
      ]
    },
    {
      "file_path": "./images_230913091855/0058.jpg",
      "sharpness": 127.87263221201955,
      "transform_matrix": [
        [
          0.7134999514629317,
          -0.529821321324776,
          0.45848357311975596,
          1.4518180399649354
        ],
        [
          0.7006502769882955,
          0.5420028294879634,
          -0.4640281480507822,
          -1.4531618124004662
        ],
        [
          -0.002647387372505126,
          0.6523207036126076,
          0.7579384480729425,
          2.600777777369607
        ],
        [
          0.0,
          0.0,
          0.0,
          1.0
        ]
      ]
    },
    {
      "file_path": "./images_230913091855/0004.jpg",
      "sharpness": 90.86353499680506,
      "transform_matrix": [
        [
          0.24599597652592944,
          0.6528306293217295,
          -0.7164482877647513,
          -2.8583800284591887
        ],
        [
          -0.969270399847529,
          0.16639691602083362,
          -0.1811821136821682,
          -0.7706029500656171
        ],
        [
          0.0009335522754903499,
          0.7390021893360956,
          0.6737023769628357,
          2.7530010703443772
        ],
        [
          0.0,
          0.0,
          0.0,
          1.0
        ]
      ]
    },
    {
      "file_path": "./images_230913091855/0061.jpg",
      "sharpness": 64.35354707802549,
      "transform_matrix": [
        [
          0.919873564910049,
          -0.28427305565564076,
          0.27022482213238413,
          1.005603379018991
        ],
        [
          0.3921166944319591,
          0.6819734170689454,
          -0.6173789406509037,
          -2.0230296672750336
        ],
        [
          -0.008781947370195135,
          0.6738702310449511,
          0.738797529232861,
          2.4846875786837628
        ],
        [
          0.0,
          0.0,
          0.0,
          1.0
        ]
      ]
    },
    {
      "file_path": "./images_230913091855/0003.jpg",
      "sharpness": 93.39371410751225,
      "transform_matrix": [
        [
          0.338830514225567,
          0.6372818788333556,
          -0.6921457141591371,
          -2.6923188076110565
        ],
        [
          -0.940832686608476,
          0.2336209789199138,
          -0.24546913047825472,
          -1.0480679470445264
        ],
        [
          0.005266730630308133,
          0.7343657434833333,
          0.6787335386109984,
          2.655273058980669
        ],
        [
          0.0,
          0.0,
          0.0,
          1.0
        ]
      ]
    },
    {
      "file_path": "./images_230913091855/0063.jpg",
      "sharpness": 81.81652994146941,
      "transform_matrix": [
        [
          0.993110476483031,
          -0.06560964917539298,
          0.09709251012990214,
          0.39159775363605887
        ],
        [
          0.11416361089508664,
          0.7285574777946213,
          -0.6754040801602453,
          -2.5010538523952337
        ],
        [
          -0.026424449542047528,
          0.681835299413822,
          0.7310282983773148,
          2.699175899880514
        ],
        [
          0.0,
          0.0,
          0.0,
          1.0
        ]
      ]
    },
    {
      "file_path": "./images_230913091855/0002.jpg",
      "sharpness": 133.22706487367304,
      "transform_matrix": [
        [
          0.4204703165500183,
          0.618330102823334,
          -0.6639823769735218,
          -2.504910282719099
        ],
        [
          -0.9072785806951607,
          0.29226207802493515,
          -0.3023713854856199,
          -1.2441723006714265
        ],
        [
          0.007091539388059914,
          0.7295551807579427,
          0.6838851865533584,
          2.6307099549438497
        ],
        [
          0.0,
          0.0,
          0.0,
          1.0
        ]
      ]
    },
    {
      "file_path": "./images_230913091855/0062.jpg",
      "sharpness": 62.89987518724865,
      "transform_matrix": [
        [
          0.96812747105478,
          -0.17164934676843155,
          0.18238887474745505,
          0.6775305688628128
        ],
        [
          0.24989086402332567,
          0.71097394904727,
          -0.6573207739406827,
          -2.2527388470665897
        ],
        [
          -0.016845057077247858,
          0.6819476120458476,
          0.7312070148499664,
          2.479082492308656
        ],
        [
          0.0,
          0.0,
          0.0,
          1.0
        ]
      ]
    },
    {
      "file_path": "./images_230913091855/0001.jpg",
      "sharpness": 133.69477972027693,
      "transform_matrix": [
        [
          0.4757224206648825,
          0.6066802353947021,
          -0.6368887426754919,
          -2.3974059670129546
        ],
        [
          -0.8795954440176954,
          0.3279679576729367,
          -0.3445995844503118,
          -1.3806393461530544
        ],
        [
          -0.00018265681106609916,
          0.7241381848783364,
          0.6896548817534509,
          2.5820210141186197
        ],
        [
          0.0,
          0.0,
          0.0,
          1.0
        ]
      ]
    },
    {
      "file_path": "./images_230913091855/0064.jpg",
      "sharpness": 84.2195915956662,
      "transform_matrix": [
        [
          0.9994434588143789,
          0.015038917036045537,
          0.02977589118951273,
          0.1317316252224362
        ],
        [
          0.009309087330986414,
          0.7314078371825812,
          -0.6818767605668455,
          -2.8153909411542335
        ],
        [
          -0.03203300820607761,
          0.6817744544375134,
          0.7308607800056509,
          2.8159034452205276
        ],
        [
          0.0,
          0.0,
          0.0,
          1.0
        ]
      ]
    },
    {
      "file_path": "./images_230913091855/0005.jpg",
      "sharpness": 82.03424262152778,
      "transform_matrix": [
        [
          0.15618150336783151,
          0.660285251673372,
          -0.734595619723526,
          -2.9889438645188537
        ],
        [
          -0.9877212549152192,
          0.1072282350924234,
          -0.11361702419901808,
          -0.6162026049234458
        ],
        [
          0.0037497463919504395,
          0.7433205850161267,
          0.668924844345049,
          2.7413477648611697
        ],
        [
          0.0,
          0.0,
          0.0,
          1.0
        ]
      ]
    },
    {
      "file_path": "./images_230913091855/0065.jpg",
      "sharpness": 93.06216027896905,
      "transform_matrix": [
        [
          0.9979192381284742,
          0.0629468642217777,
          -0.013960177159546219,
          0.005517016667281144
        ],
        [
          -0.055328843392214805,
          0.7248601683847354,
          -0.6866705581123341,
          -2.999689114286504
        ],
        [
          -0.03310458202004002,
          0.6860141606525032,
          0.726834684176731,
          3.0052100296372815
        ],
        [
          0.0,
          0.0,
          0.0,
          1.0
        ]
      ]
    },
    {
      "file_path": "./images_230913091855/0006.jpg",
      "sharpness": 83.79287538786993,
      "transform_matrix": [
        [
          0.09488849532380493,
          0.6625939637753602,
          -0.7429437480134257,
          -3.090446537386617
        ],
        [
          -0.9954660266391714,
          0.06810429347907108,
          -0.06640176968356531,
          -0.342122833223029
        ],
        [
          0.00660024727681532,
          0.7458760248634503,
          0.6660520943278766,
          2.726183663471762
        ],
        [
          0.0,
          0.0,
          0.0,
          1.0
        ]
      ]
    },
    {
      "file_path": "./images_230913091855/0066.jpg",
      "sharpness": 109.45510587195876,
      "transform_matrix": [
        [
          0.9956036822973849,
          0.08612479380884656,
          -0.036821566722074504,
          0.0047789718490851615
        ],
        [
          -0.08744527202560347,
          0.7137750088067419,
          -0.694894640361743,
          -3.077661580434899
        ],
        [
          -0.03356534350870086,
          0.6950595346712889,
          0.7181682331226038,
          3.06319084584503
        ],
        [
          0.0,
          0.0,
          0.0,
          1.0
        ]
      ]
    },
    {
      "file_path": "./images_230913091855/0007.jpg",
      "sharpness": 106.0448003192996,
      "transform_matrix": [
        [
          0.04973834300672138,
          0.6656889118986309,
          -0.7445699227733806,
          -3.05409216517086
        ],
        [
          -0.9987356312236644,
          0.03859649784243091,
          -0.032209459460536584,
          -0.18037377941945898
        ],
        [
          0.007296311396734073,
          0.7452305569539369,
          0.6667669614722186,
          2.702816234566997
        ],
        [
          0.0,
          0.0,
          0.0,
          1.0
        ]
      ]
    },
    {
      "file_path": "./images_230913091855/0068.jpg",
      "sharpness": 95.06156030743915,
      "transform_matrix": [
        [
          0.9878801335980224,
          0.14763900350225817,
          -0.04791206920818148,
          -0.2006268478538635
        ],
        [
          -0.1382179869555627,
          0.696265015466371,
          -0.7043513443727768,
          -3.107803817096443
        ],
        [
          -0.07063023299041231,
          0.7024370099357561,
          0.7082327423587553,
          3.045895765410236
        ],
        [
          0.0,
          0.0,
          0.0,
          1.0
        ]
      ]
    },
    {
      "file_path": "./images_230913091855/0008.jpg",
      "sharpness": 88.49676105879674,
      "transform_matrix": [
        [
          -0.018624571804541242,
          0.671067608278019,
          -0.7411621890879979,
          -2.9366752687259265
        ],
        [
          -0.9998039828570426,
          -0.007519948032854685,
          0.01831519164383611,
          0.0035788899665659046
        ],
        [
          0.006717230705724081,
          0.7413580211951091,
          0.671076123334817,
          2.6897260718285403
        ],
        [
          0.0,
          0.0,
          0.0,
          1.0
        ]
      ]
    },
    {
      "file_path": "./images_230913091855/0022.jpg",
      "sharpness": 189.14095376629186,
      "transform_matrix": [
        [
          -0.947583857690426,
          0.22027885100603187,
          -0.23143478678147936,
          -1.1122373704038508
        ],
        [
          -0.31895006202708276,
          -0.6094000005733835,
          0.7258804979018604,
          3.218057620301113
        ],
        [
          0.018859762848173485,
          0.7616487820232696,
          0.647715556611503,
          2.8857828430305292
        ],
        [
          0.0,
          0.0,
          0.0,
          1.0
        ]
      ]
    },
    {
      "file_path": "./images_230913091855/0080.jpg",
      "sharpness": 94.87337837139651,
      "transform_matrix": [
        [
          0.5796721334224759,
          0.5711790558116251,
          -0.5811494678859924,
          -2.710607693705916
        ],
        [
          -0.8132098323099765,
          0.36028466769385414,
          -0.45703908679595623,
          -2.2713048160310145
        ],
        [
          -0.0516719111473568,
          0.737529283827072,
          0.6733354061570461,
          3.198184069657106
        ],
        [
          0.0,
          0.0,
          0.0,
          1.0
        ]
      ]
    },
    {
      "file_path": "./images_230913091855/0021.jpg",
      "sharpness": 116.72950320111383,
      "transform_matrix": [
        [
          -0.9151652575366971,
          0.2788466936034241,
          -0.2910619744192386,
          -1.3314568654657146
        ],
        [
          -0.40213492925689065,
          -0.5822327915841268,
          0.7066063084036849,
          3.0886823153005554
        ],
        [
          0.02756900688758789,
          0.7637077306997639,
          0.644973218062128,
          2.896412850790206
        ],
        [
          0.0,
          0.0,
          0.0,
          1.0
        ]
      ]
    },
    {
      "file_path": "./images_230913091855/0079.jpg",
      "sharpness": 97.03943216662817,
      "transform_matrix": [
        [
          0.6181034904529278,
          0.5630388850952045,
          -0.5485756912671683,
          -2.5012150925607894
        ],
        [
          -0.7838262547603153,
          0.38843484398818534,
          -0.48449434911509837,
          -2.2899435154270122
        ],
        [
          -0.059703245107618125,
          0.7294556778312581,
          0.681417593471234,
          3.1979040771436886
        ],
        [
          0.0,
          0.0,
          0.0,
          1.0
        ]
      ]
    },
    {
      "file_path": "./images_230913091855/0020.jpg",
      "sharpness": 112.85056944274784,
      "transform_matrix": [
        [
          -0.8846062144998913,
          0.31801898826969266,
          -0.3410802962011871,
          -1.5543483009155374
        ],
        [
          -0.4654730153913098,
          -0.5575893102004202,
          0.6873347314758022,
          2.9704304185996153
        ],
        [
          0.028402768824780752,
          0.7667842488684364,
          0.6412762263635869,
          2.8372151895134916
        ],
        [
          0.0,
          0.0,
          0.0,
          1.0
        ]
      ]
    },
    {
      "file_path": "./images_230913091855/0078.jpg",
      "sharpness": 80.13213540393217,
      "transform_matrix": [
        [
          0.6584885584227453,
          0.5546283394447359,
          -0.5087044560446723,
          -2.2417338565581124
        ],
        [
          -0.7491982990795594,
          0.41898401603104296,
          -0.5129856752064004,
          -2.3461379377647233
        ],
        [
          -0.07137735723217832,
          0.718915710961042,
          0.6914227892517703,
          3.1618200731743062
        ],
        [
          0.0,
          0.0,
          0.0,
          1.0
        ]
      ]
    },
    {
      "file_path": "./images_230913091855/0019.jpg",
      "sharpness": 130.84830353748535,
      "transform_matrix": [
        [
          -0.8449747937229591,
          0.3561872877900773,
          -0.39893384674427756,
          -1.786469229766957
        ],
        [
          -0.5343849680914876,
          -0.532722245460409,
          0.6562314493146842,
          2.8444618068047713
        ],
        [
          0.021220365466178902,
          0.7676832844822495,
          0.6404780018898352,
          2.81994857770505
        ],
        [
          0.0,
          0.0,
          0.0,
          1.0
        ]
      ]
    },
    {
      "file_path": "./images_230913091855/0077.jpg",
      "sharpness": 73.51990302589206,
      "transform_matrix": [
        [
          0.7019895022033674,
          0.5365536980766105,
          -0.46831705922929723,
          -1.9043675372948035
        ],
        [
          -0.7084860727418189,
          0.4591691153342418,
          -0.5359208973852534,
          -2.428770843934208
        ],
        [
          -0.07251360958634337,
          0.7080069580672191,
          0.7024727210660431,
          3.0809651899700907
        ],
        [
          0.0,
          0.0,
          0.0,
          1.0
        ]
      ]
    },
    {
      "file_path": "./images_230913091855/0018.jpg",
      "sharpness": 123.79657173898487,
      "transform_matrix": [
        [
          -0.7957852289020355,
          0.39766577475076975,
          -0.45671413503613045,
          -2.0771338228619896
        ],
        [
          -0.6054046735628131,
          -0.5043258078761362,
          0.615743989608147,
          2.6891192712580536
        ],
        [
          0.014527585555106682,
          0.7664968435484433,
          0.6420837470120084,
          2.7766057025287645
        ],
        [
          0.0,
          0.0,
          0.0,
          1.0
        ]
      ]
    },
    {
      "file_path": "./images_230913091855/0076.jpg",
      "sharpness": 88.24579063443664,
      "transform_matrix": [
        [
          0.7576485728580916,
          0.49771994790380497,
          -0.4221889311591745,
          -1.594068561227864
        ],
        [
          -0.649575476205984,
          0.5122054544247939,
          -0.561869444950899,
          -2.4409971036307554
        ],
        [
          -0.0634061575321982,
          0.6999431591062334,
          0.7113784037319072,
          3.0012360194500887
        ],
        [
          0.0,
          0.0,
          0.0,
          1.0
        ]
      ]
    },
    {
      "file_path": "./images_230913091855/0017.jpg",
      "sharpness": 120.44396971664311,
      "transform_matrix": [
        [
          -0.7511789666264008,
          0.4324130161535656,
          -0.49874757507948253,
          -2.2849353805661106
        ],
        [
          -0.6600266980933838,
          -0.48087213662601774,
          0.5771713315999379,
          2.580864246453099
        ],
        [
          0.00974258426898297,
          0.7627456795994185,
          0.646625169934601,
          2.877470855587097
        ],
        [
          0.0,
          0.0,
          0.0,
          1.0
        ]
      ]
    },
    {
      "file_path": "./images_230913091855/0075.jpg",
      "sharpness": 111.0668349825529,
      "transform_matrix": [
        [
          0.8108674100060188,
          0.44812415981871423,
          -0.3764024187827409,
          -1.3533577411657043
        ],
        [
          -0.5829033992209997,
          0.5611392356125254,
          -0.5876617951109007,
          -2.415904030899367
        ],
        [
          -0.052131282633176755,
          0.6959220471445301,
          0.7162226146652692,
          2.9942588792166838
        ],
        [
          0.0,
          0.0,
          0.0,
          1.0
        ]
      ]
    },
    {
      "file_path": "./images_230913091855/0016.jpg",
      "sharpness": 87.93029671885166,
      "transform_matrix": [
        [
          -0.7122543240144421,
          0.46156044668041457,
          -0.5288248595437832,
          -2.385285765908106
        ],
        [
          -0.7019128111506168,
          -0.46460272851194145,
          0.53987286485067,
          2.4551383179579123
        ],
        [
          0.003490488002124392,
          0.7557157261766615,
          0.6548904929769225,
          2.894656625332437
        ],
        [
          0.0,
          0.0,
          0.0,
          1.0
        ]
      ]
    },
    {
      "file_path": "./images_230913091855/0072.jpg",
      "sharpness": 92.12960256551105,
      "transform_matrix": [
        [
          0.8900334889771624,
          0.36367125801220496,
          -0.27492472548600455,
          -1.166570939361369
        ],
        [
          -0.4504114308598609,
          0.6081946817081928,
          -0.6536273954576985,
          -2.5227842248910903
        ],
        [
          -0.07049774126666913,
          0.705579510255177,
          0.7051153262219809,
          2.9363677923588676
        ],
        [
          0.0,
          0.0,
          0.0,
          1.0
        ]
      ]
    },
    {
      "file_path": "./images_230913091855/0014.jpg",
      "sharpness": 102.5659874130249,
      "transform_matrix": [
        [
          -0.597812626925265,
          0.5527482089370732,
          -0.5805940756623061,
          -2.43203774801489
        ],
        [
          -0.8016199919188395,
          -0.4076407431377326,
          0.43730357086391297,
          1.8124774634530785
        ],
        [
          0.005044965092466924,
          0.7268414147024985,
          0.6867867982782248,
          2.833555190607893
        ],
        [
          0.0,
          0.0,
          0.0,
          1.0
        ]
      ]
    },
    {
      "file_path": "./images_230913091855/0073.jpg",
      "sharpness": 124.87084492435693,
      "transform_matrix": [
        [
          0.8743682759045055,
          0.38306364005359805,
          -0.2978965690458101,
          -1.2990054548832979
        ],
        [
          -0.4807955067346207,
          0.6007589209154632,
          -0.638689595691412,
          -2.436401554399492
        ],
        [
          -0.06569474002553334,
          0.7016772524917313,
          0.7094598188462833,
          2.923758439955406
        ],
        [
          0.0,
          0.0,
          0.0,
          1.0
        ]
      ]
    },
    {
      "file_path": "./images_230913091855/0015.jpg",
      "sharpness": 93.20873589296575,
      "transform_matrix": [
        [
          -0.6684513286265656,
          0.49978073987827837,
          -0.5508103424888596,
          -2.4541301111393063
        ],
        [
          -0.7437521026236598,
          -0.4468132732979964,
          0.4971827718734697,
          2.180904720763445
        ],
        [
          0.002373001487817963,
          0.7420088348020074,
          0.6703859023193091,
          2.8994287524453175
        ],
        [
          0.0,
          0.0,
          0.0,
          1.0
        ]
      ]
    },
    {
      "file_path": "./images_230913091855/0074.jpg",
      "sharpness": 113.4446881354426,
      "transform_matrix": [
        [
          0.8499540484219429,
