{
  "camera_angle_x": 0.6129043825694499,
  "camera_angle_y": 1.0331975863440814,
  "fl_x": 1137.7280445924487,
  "fl_y": 1126.6527056935954,
  "k1": -0.017756687930315467,
  "k2": 7.446940210356603e-05,
  "k3": 0,
  "k4": 0,
  "p1": 0.00318954573227497,
  "p2": -0.0034791823996197864,
  "is_fisheye": false,
  "cx": 361.08177427740986,
  "cy": 626.9543761591719,
  "w": 720.0,
  "h": 1280.0,
  "aabb_scale": 32,
  "frames": [
    {
      "file_path": "./images_230914002521/0059.jpg",
      "sharpness": 56.33562055516655,
      "transform_matrix": [
        [
          0.751459590759211,
          -0.49622570319542125,
          0.43482011801757997,
          1.3862701999208764
        ],
        [
          0.659700979508396,
          0.5752549448476205,
          -0.48360765716025156,
          -1.5775152862522397
        ],
        [
          -0.010153873263802817,
          0.6502628699038172,
          0.7596414278926674,
          2.550649789505485
        ],
        [
          0.0,
          0.0,
          0.0,
          1.0
        ]
      ]
    },
    {
      "file_path": "./images_230914002521/0060.jpg",
      "sharpness": 55.3234536226049,
      "transform_matrix": [
        [
          0.8439387526368785,
          -0.39965658971735935,
          0.35782955744573847,
          1.221178569307051
        ],
        [
          0.5363814442155428,
          0.638497596488563,
          -0.5519200717310252,
          -1.7850050773123736
        ],
        [
          -0.007894818717088213,
          0.6577198716976919,
          0.753221243925059,
          2.5266892172908317
        ],
        [
          0.0,
          0.0,
          0.0,
          1.0
        ]
      ]
    },
    {
      "file_path": "./images_230914002521/0057.jpg",
      "sharpness": 126.56556391283198,
      "transform_matrix": [
        [
          0.7131472714954209,
          -0.5164840387035716,
          0.4739886148545105,
          1.5048321128507025
        ],
        [
          0.7009419853569335,
          0.5350769643919503,
          -0.47156439151083024,
          -1.3911013115645992
        ],
        [
          -0.010064907756391012,
          0.6685333798730504,
          0.7436140246902205,
          2.5693434743963466
        ],
        [
          0.0,
          0.0,
          0.0,
          1.0
        ]
      ]
    },
    {
      "file_path": "./images_230914002521/0056.jpg",
      "sharpness": 104.35285630014205,
      "transform_matrix": [
        [
          0.6885439920047558,
          -0.5242625053975939,
          0.5010548838171383,
          1.5489671801476446
        ],
        [
          0.7248935684503036,
          0.5174651655184042,
          -0.45470772689102057,
          -1.377372213456841
        ],
        [
          -0.02089223626470882,
          0.6762977361886093,
          0.7363320491318022,
          2.5387586973231007
        ],
        [
          0.0,
          0.0,
          0.0,
          1.0
        ]
      ]
    },
    {
      "file_path": "./images_230914002521/0055.jpg",
      "sharpness": 104.41329593121098,
      "transform_matrix": [
        [
          0.6187844062995056,
          -0.5677939026829689,
          0.5428774656266596,
          1.6485549273098958
        ],
        [
          0.7852004255796745,
          0.4679765593768122,
          -0.40553450105181205,
          -1.1717699613513906
        ],
        [
          -0.023793911502368943,
          0.6772060425149803,
          0.7354086114842776,
          2.468752169933249
        ],
        [
          0.0,
          0.0,
          0.0,
          1.0
        ]
      ]
    },
    {
      "file_path": "./images_230914002521/0054.jpg",
      "sharpness": 67.93587184058175,
      "transform_matrix": [
        [
          0.5124800595400407,
          -0.6277859656563107,
          0.5858745343394122,
          1.7917168964615082
        ],
        [
          0.858182269643731,
          0.39811217758709383,
          -0.32408314693300583,
          -0.9974650110952328
        ],
        [
          -0.029788935308414713,
          0.6688732880420113,
          0.7427793373308634,
          2.358173327814679
        ],
        [
          0.0,
          0.0,
          0.0,
          1.0
        ]
      ]
    },
    {
      "file_path": "./images_230914002521/0053.jpg",
      "sharpness": 111.34426861534116,
      "transform_matrix": [
        [
          0.3761598773015908,
          -0.6892033079077353,
          0.6192758247873892,
          1.9270122267785632
        ],
        [
          0.9256260663890552,
          0.30943753264844615,
          -0.21786417468131303,
          -0.7600042136705305
        ],
        [
          -0.041474473386091545,
          0.6551696069243237,
          0.7543425311545086,
          2.308235318930196
        ],
        [
          0.0,
          0.0,
          0.0,
          1.0
        ]
      ]
    },
    {
      "file_path": "./images_230914002521/0051.jpg",
      "sharpness": 111.47148193132846,
      "transform_matrix": [
        [
          0.10758202174151699,
          -0.7692770224303545,
          0.6297928004092372,
          2.0858683579981077
        ],
        [
          0.9931413742223467,
          0.11232825909253086,
          -0.03244338171327753,
          -0.14566890427602597
        ],
        [
          -0.04578558077701782,
          0.6289636118706161,
          0.7760853404260366,
          2.4779517225988372
        ],
        [
          0.0,
          0.0,
          0.0,
          1.0
        ]
      ]
    },
    {
      "file_path": "./images_230914002521/0052.jpg",
      "sharpness": 89.38755591074627,
      "transform_matrix": [
        [
          0.23809622534475844,
          -0.7373040059308833,
          0.6322127730467514,
          2.0134607449307964
        ],
        [
          0.9700539061225489,
          0.21270742095529366,
          -0.1172645397677222,
          -0.4481300403129877
        ],
        [
          -0.04801673352538593,
          0.6412007142800547,
          0.7658694649853305,
          2.380786539707243
        ],
        [
          0.0,
          0.0,
          0.0,
          1.0
        ]
      ]
    },
    {
      "file_path": "./images_230914002521/0050.jpg",
      "sharpness": 151.9014637542995,
      "transform_matrix": [
        [
          -0.0049862207554842684,
          -0.7842154874961033,
          0.6204685381729197,
          2.180338671956109
        ],
        [
          0.998799251533621,
          0.026334201560587286,
          0.04131059142699423,
          0.01638613027566286
        ],
        [
          -0.04873594914092125,
          0.6199294952556667,
          0.7831425338097814,
          2.6180350710053224
        ],
        [
          0.0,
          0.0,
          0.0,
          1.0
        ]
      ]
    },
    {
      "file_path": "./images_230914002521/0049.jpg",
      "sharpness": 137.66936997967005,
      "transform_matrix": [
        [
          -0.07762332635771173,
          -0.7876134389421813,
          0.6112607382217906,
          2.1949088705241184
        ],
        [
          0.9960757234277221,
          -0.0351193360669011,
          0.08123906346188037,
          0.19224790846529766
        ],
        [
          -0.042517906859540586,
          0.61516802836333,
          0.7872487056607166,
          2.7895375084214593
        ],
        [
          0.0,
          0.0,
          0.0,
          1.0
        ]
      ]
    },
    {
      "file_path": "./images_230914002521/0048.jpg",
      "sharpness": 194.25207229425885,
      "transform_matrix": [
        [
          -0.11193700602204885,
          -0.7790573293413042,
          0.6168790678658401,
          2.1691674038982454
        ],
        [
          0.9933774523918067,
          -0.07154069761126328,
          0.08990642727225205,
          0.3121228749691485
        ],
        [
          -0.025910302264430838,
          0.6228576131613958,
          0.7819060365875632,
          2.8342673368008966
        ],
        [
          0.0,
          0.0,
          0.0,
          1.0
        ]
      ]
    },
    {
      "file_path": "./images_230914002521/0047.jpg",
      "sharpness": 181.49514431361328,
      "transform_matrix": [
        [
          -0.13533852339837513,
          -0.7555553137711254,
          0.6409521448635439,
          2.217878100210364
        ],
        [
          0.9907484785662395,
          -0.09664037646464656,
          0.09527901057135463,
          0.3625522148250191
        ],
        [
          -0.010046706152606666,
          0.6479172829589095,
          0.7616444434427685,
          2.7840262958345843
        ],
        [
          0.0,
          0.0,
          0.0,
          1.0
        ]
      ]
    },
    {
      "file_path": "./images_230914002521/0046.jpg",
      "sharpness": 180.2548426366441,
      "transform_matrix": [
        [
          -0.17430992665670764,
          -0.726886005330592,
          0.6642686089317191,
          2.275018328242916
        ],
        [
          0.9846567089126821,
          -0.12305221841008768,
          0.12373082533308025,
          0.40895498591964285
        ],
        [
          -0.008198479413388901,
          0.675644053393695,
          0.7371824049295146,
          2.7332485313127157
        ],
        [
          0.0,
          0.0,
          0.0,
          1.0
        ]
      ]
    },
    {
      "file_path": "./images_230914002521/0045.jpg",
      "sharpness": 178.82608615424894,
      "transform_matrix": [
        [
          -0.23329028171562535,
          -0.695199027370464,
          0.6799073149252172,
          2.386813078368117
        ],
        [
          0.9723587236102169,
          -0.15979977519192282,
          0.17024260473725192,
          0.5786311496026613
        ],
        [
          -0.009703457153958324,
          0.7008297541330893,
          0.7132625734816258,
          2.764433274662729
        ],
        [
          0.0,
          0.0,
          0.0,
          1.0
        ]
      ]
    },
    {
      "file_path": "./images_230914002521/0044.jpg",
      "sharpness": 162.01022243744535,
      "transform_matrix": [
        [
          -0.2966273327837114,
          -0.6692906190537345,
          0.6812211775781073,
          2.498802497262916
        ],
        [
          0.9549630645920657,
          -0.2022022806915705,
          0.21716303310660576,
          0.7954106014011985
        ],
        [
          -0.007600705101816107,
          0.7149575546946385,
          0.6991265438785991,
          2.813636156036781
        ],
        [
          0.0,
          0.0,
          0.0,
          1.0
        ]
      ]
    },
    {
      "file_path": "./images_230914002521/0043.jpg",
      "sharpness": 164.2455848426807,
      "transform_matrix": [
        [
          -0.3609396436850763,
          -0.6459075850698383,
          0.6727005018983955,
          2.639220367791373
        ],
        [
          0.9325802792639472,
          -0.25313398064073184,
          0.2573270498275672,
          0.9930367819453335
        ],
        [
          0.004073862497289173,
          0.7202267555966972,
          0.6937267648401823,
          2.84127472268999
        ],
        [
          0.0,
          0.0,
          0.0,
          1.0
        ]
      ]
    },
    {
      "file_path": "./images_230914002521/0042.jpg",
      "sharpness": 166.33039602952059,
      "transform_matrix": [
        [
          -0.42367936277053525,
          -0.6226559472890947,
          0.6578718484298341,
          2.6915094982804257
        ],
        [
          0.9057060539596137,
          -0.3023232571469204,
          0.29714843430343973,
          1.1022884747168524
        ],
        [
          0.01386872015589296,
          0.7217341751464458,
          0.6920313859324113,
          2.8423531261103734
        ],
        [
          0.0,
          0.0,
          0.0,
          1.0
        ]
      ]
    },
    {
      "file_path": "./images_230914002521/0041.jpg",
      "sharpness": 144.56285890121342,
      "transform_matrix": [
        [
          -0.475715546586452,
          -0.6020954070495665,
          0.641229942871029,
          2.6671900461273457
        ],
        [
          0.8794933573060963,
          -0.33690123198893046,
          0.33613835594706465,
          1.3093710881300693
        ],
        [
          0.013643797492521195,
          0.7238637169888666,
          0.6898080646858672,
          2.8366284672475763
        ],
        [
          0.0,
          0.0,
          0.0,
          1.0
        ]
      ]
    },
    {
      "file_path": "./images_230914002521/0040.jpg",
      "sharpness": 141.96768428819442,
      "transform_matrix": [
        [
          -0.5227698075269404,
          -0.583414307392567,
          0.6215621242937108,
          2.518280088304059
        ],
        [
          0.8524344820169164,
          -0.36476608613650285,
          0.3745679594856084,
          1.5593998706805927
        ],
        [
          0.008196476714564058,
          0.7256538075496939,
          0.6880111695653759,
          2.8094117459833305
        ],
        [
          0.0,
          0.0,
          0.0,
          1.0
        ]
      ]
    },
    {
      "file_path": "./images_230914002521/0039.jpg",
      "sharpness": 119.20962672433735,
      "transform_matrix": [
        [
          -0.5879593532061816,
          -0.5544442757080864,
          0.5889782204806195,
          2.358995632803387
        ],
        [
          0.8088889048851833,
          -0.40444311920784914,
          0.4267604748322859,
          1.8388614352712147
        ],
        [
          0.001593286267444207,
          0.7273357605221461,
          0.6862799377755102,
          2.788935968806129
        ],
        [
          0.0,
          0.0,
          0.0,
          1.0
        ]
      ]
    },
    {
      "file_path": "./images_230914002521/0023.jpg",
      "sharpness": 211.39693458978041,
      "transform_matrix": [
        [
          -0.9729460598624401,
          0.15404421435215726,
          -0.17218113924409095,
          -0.8178727859430646
        ],
        [
          -0.2309430979777325,
          -0.6277570149074426,
          0.7433615646042966,
          3.398378428035687
        ],
        [
          0.006422630203825979,
          0.7630147510452947,
          0.6463491622932365,
          2.8304418409567838
        ],
        [
          0.0,
          0.0,
          0.0,
          1.0
        ]
      ]
    },
    {
      "file_path": "./images_230914002521/0024.jpg",
      "sharpness": 239.24307926415332,
      "transform_matrix": [
        [
          -0.9872507555939066,
          0.09798785452942997,
          -0.12543654185520528,
          -0.5721214740080509
        ],
        [
          -0.15905429411385252,
          -0.6376962885306663,
          0.7536877172398132,
          3.5244425569352757
        ],
        [
          -0.006138174789673086,
          0.7640299889477149,
          0.64515153172524,
          2.8317819484929267
        ],
        [
          0.0,
          0.0,
          0.0,
          1.0
        ]
      ]
    },
    {
      "file_path": "./images_230914002521/0025.jpg",
      "sharpness": 242.41665971527098,
      "transform_matrix": [
        [
          -0.9955178754988233,
          0.0493818134886953,
          -0.08065727584967525,
          -0.37570248161319
        ],
        [
          -0.09357653834846952,
          -0.637844264112437,
          0.7644593685799034,
          3.593673537089179
        ],
        [
          -0.013696390800751208,
          0.7685805951804673,
          0.6396063458719655,
          2.824308212418817
        ],
        [
          0.0,
          0.0,
          0.0,
          1.0
        ]
      ]
    },
    {
      "file_path": "./images_230914002521/0026.jpg",
      "sharpness": 238.303884375,
      "transform_matrix": [
        [
          -0.9990639091581321,
          0.01154524212158792,
          -0.041689481774649095,
          -0.20431368909307526
        ],
        [
          -0.0395054984136461,
          -0.6361481940642864,
          0.7705548590359026,
          3.5043969454583426
        ],
        [
          -0.017624446126883502,
          0.7714805134453164,
          0.6360088021100717,
          2.788959437079435
        ],
        [
          0.0,
          0.0,
          0.0,
          1.0
        ]
      ]
    },
    {
      "file_path": "./images_230914002521/0027.jpg",
      "sharpness": 285.24656222646735,
      "transform_matrix": [
        [
          -0.9998261245564956,
          -0.018167948544839416,
          -0.004200760481621187,
          -0.06135153942030801
        ],
        [
          0.008408003232246566,
          -0.6403055088282676,
          0.7680743198713412,
          3.3696483150139245
        ],
        [
          -0.016644104799685065,
          0.7679054506006219,
          0.6403469315940302,
          2.7865794255579033
        ],
        [
          0.0,
          0.0,
          0.0,
          1.0
        ]
      ]
    },
    {
      "file_path": "./images_230914002521/0028.jpg",
      "sharpness": 245.6319626719145,
      "transform_matrix": [
        [
          -0.9984113445006692,
          -0.04683176873096322,
          0.031330060620895335,
          0.05397714266123048
        ],
        [
          0.05430596851105853,
          -0.6515636504075867,
          0.7566476533047729,
          3.250489299650335
        ],
        [
          -0.015021619244753853,
          0.7571470101348223,
          0.6530717847892236,
          2.793644782179292
        ],
        [
          0.0,
          0.0,
          0.0,
          1.0
        ]
      ]
    },
    {
      "file_path": "./images_230914002521/0029.jpg",
      "sharpness": 133.8788273901998,
      "transform_matrix": [
        [
          -0.9946650096397845,
          -0.08180605084304356,
          0.06284336665365368,
          0.2735905516958476
        ],
        [
          0.10140354441103304,
          -0.6635069181729463,
          0.741266410083124,
          3.137162922195402
        ],
        [
          -0.01894306909552206,
          0.7436843010523818,
          0.6682625386703114,
          2.771232836491771
        ],
        [
          0.0,
          0.0,
          0.0,
          1.0
        ]
      ]
    },
    {
      "file_path": "./images_230914002521/0058.jpg",
      "sharpness": 127.87263221201955,
      "transform_matrix": [
        [
          0.7135862499923511,
          -0.524677513226186,
          0.4642285762695488,
          1.4591989811797912
        ],
        [
          0.7005432775987479,
          0.539906831254394,
          -0.4666258991698237,
          -1.4645845665664894
        ],
        [
          -0.005812063208074755,
          0.6581900339127734,
          0.752829395857909,
          2.5724351050644176
        ],
        [
          0.0,
          0.0,
          0.0,
          1.0
        ]
      ]
    },
    {
      "file_path": "./images_230914002521/0004.jpg",
      "sharpness": 90.86353499680506,
      "transform_matrix": [
        [
          0.2435640882847166,
          0.648474253165417,
          -0.7212195768059837,
          -2.8824331068615847
        ],
        [
          -0.96988046838982,
          0.16062485469684423,
          -0.1831161737519757,
          -0.7697357849586499
        ],
        [
          -0.002900334287340589,
          0.7440973048745814,
          0.6680649586889157,
          2.728247013965069
        ],
        [
          0.0,
          0.0,
          0.0,
          1.0
        ]
      ]
    },
    {
      "file_path": "./images_230914002521/0061.jpg",
      "sharpness": 64.35354707802549,
      "transform_matrix": [
        [
          0.919598139439627,
          -0.2808727585199081,
          0.2746811889249192,
          1.0099854909351087
        ],
        [
          0.39266483492565757,
          0.6791893507351185,
          -0.6200936649094374,
          -2.0357303670761087
        ],
        [
          -0.012393120161233197,
          0.6780946242354048,
          0.7348701186225572,
          2.463577518752792
        ],
        [
          0.0,
          0.0,
          0.0,
          1.0
        ]
      ]
    },
    {
      "file_path": "./images_230914002521/0003.jpg",
      "sharpness": 93.39371410751225,
      "transform_matrix": [
        [
          0.3364292536718621,
          0.6330119388921372,
          -0.6972167830613542,
          -2.7174567198836526
        ],
        [
          -0.9417069314121118,
          0.2275980109236122,
          -0.24776440574465539,
          -1.0485340249677693
        ],
        [
          0.0018473261384412763,
          0.739929071416859,
          0.6726823594735778,
          2.627687776061567
        ],
        [
          0.0,
          0.0,
          0.0,
          1.0
        ]
      ]
    },
    {
      "file_path": "./images_230914002521/0062.jpg",
      "sharpness": 62.89987518724865,
      "transform_matrix": [
        [
          0.9678414717198727,
          -0.16841219785136843,
          0.18686951951186612,
          0.6825393327358414
        ],
        [
          0.2507178512257514,
          0.7065329382488545,
          -0.6617792428341837,
          -2.2702478914497424
        ],
        [
          -0.020577773911751022,
          0.6873489207299031,
          0.7260358231388389,
          2.45484119517673
        ],
        [
          0.0,
          0.0,
          0.0,
          1.0
        ]
      ]
    },
    {
      "file_path": "./images_230914002521/0002.jpg",
      "sharpness": 133.22706487367304,
      "transform_matrix": [
        [
          0.41807713902665794,
          0.6148080889176893,
          -0.6687469773488899,
          -2.529143681478471
        ],
        [
          -0.9084046460070472,
          0.2858159842024169,
          -0.30513967668466,
          -1.2469241186176663
        ],
        [
          0.0035362340379068396,
          0.7350647842587429,
          0.6779876533389775,
          2.6033197929931067
        ],
        [
          0.0,
          0.0,
          0.0,
          1.0
        ]
      ]
    },
    {
      "file_path": "./images_230914002521/0063.jpg",
      "sharpness": 81.81652994146941,
      "transform_matrix": [
        [
          0.9929291009986204,
          -0.062353459711012735,
          0.10101409080297531,
          0.3962143900286158
        ],
        [
          0.11466092699431882,
          0.7240858159207361,
          -0.6801121988342872,
          -2.518674138179638
        ],
        [
          -0.030735521769581706,
          0.6868855634576815,
          0.7261153837397967,
          2.6777343437789005
        ],
        [
          0.0,
          0.0,
          0.0,
          1.0
        ]
      ]
    },
    {
      "file_path": "./images_230914002521/0001.jpg",
      "sharpness": 133.69477972027693,
      "transform_matrix": [
        [
          0.4734761958786386,
          0.6036565644935022,
          -0.6414195539339352,
          -2.4206532260692786
        ],
        [
          -0.8807977538952886,
          0.3212250010139851,
          -0.3478646510592634,
          -1.3855073697747537
        ],
        [
          -0.0039507833043476645,
          0.7296665340737182,
          0.6837917376312369,
          2.5547082572962028
        ],
        [
          0.0,
          0.0,
          0.0,
          1.0
        ]
      ]
    },
    {
      "file_path": "./images_230914002521/0064.jpg",
      "sharpness": 84.2195915956662,
      "transform_matrix": [
        [
          0.9992855412976135,
          0.01828592415353006,
          0.03307615485512312,
          0.13517277668897776
        ],
        [
          0.009431902730587364,
          0.7268152590724776,
          -0.6867682421241471,
          -2.8358932499257357
        ],
        [
          -0.03659844604668296,
          0.6865895456523343,
          0.7261235085276514,
          2.7995026470705335
        ],
        [
          0.0,
          0.0,
          0.0,
          1.0
        ]
      ]
    },
    {
      "file_path": "./images_230914002521/0005.jpg",
      "sharpness": 82.03424262152778,
      "transform_matrix": [
        [
          0.15393038193638003,
          0.6551935533049512,
          -0.7396126319318548,
          -3.01401607029384
        ],
        [
          -0.9880816909210509,
          0.10214487251672445,
          -0.1151564027101489,
          -0.613122819400921
        ],
        [
          9.790532296000319e-05,
          0.748523769037389,
          0.6631079532694701,
          2.715516027546249
        ],
        [
          0.0,
          0.0,
          0.0,
          1.0
        ]
      ]
    },
    {
      "file_path": "./images_230914002521/0065.jpg",
      "sharpness": 93.06216027896905,
      "transform_matrix": [
        [
          0.9977936034600502,
          0.06541151021007917,
          -0.011369226660491175,
          0.006508270857720016
        ],
        [
          -0.05509768709465523,
          0.720276074190265,
          -0.6914959304478098,
          -3.020745486737673
        ],
        [
          -0.037042811169117194,
          0.6905966343125286,
          0.7222908824743073,
          2.990959023546061
        ],
        [
          0.0,
          0.0,
          0.0,
          1.0
        ]
      ]
    },
    {
      "file_path": "./images_230914002521/0006.jpg",
      "sharpness": 83.79287538786993,
      "transform_matrix": [
        [
          0.09230123020900906,
          0.657611354893204,
          -0.7476816093137783,
          -3.113864949665127
        ],
        [
          -0.9957267482459384,
          0.06318587354568034,
          -0.06734826064452333,
          -0.33632182490159224
        ],
        [
          0.0029539346863855444,
          0.750702904875225,
          0.6606333498775128,
          2.7021107199233385
        ],
        [
          0.0,
          0.0,
          0.0,
          1.0
        ]
      ]
    },
    {
      "file_path": "./images_230914002521/0066.jpg",
      "sharpness": 109.45510587195876,
      "transform_matrix": [
        [
          0.9955280825128563,
          0.08745233831441829,
          -0.035720099947081356,
          -0.0006001952189487487
        ],
        [
          -0.08739205010339005,
          0.7090309517604076,
          -0.6997411943171991,
          -3.099856899656769
        ],
        [
          -0.03586734719550666,
          0.6997336621981307,
          0.7135028629799365,
          3.0492259144764873
        ],
        [
          0.0,
          0.0,
          0.0,
          1.0
        ]
      ]
    },
    {
      "file_path": "./images_230914002521/0007.jpg",
      "sharpness": 106.0448003192996,
      "transform_matrix": [
        [
          0.0471930358351018,
          0.6604767401291753,
          -0.749361924043127,
          -3.077098667677601
        ],
        [
          -0.9988785563942553,
          0.034059062890950335,
          -0.03288783682034424,
          -0.17346265964948146
        ],
        [
          0.0038009136460671806,
          0.7500736337666224,
          0.6613434032877376,
          2.678907954896338
        ],
        [
          0.0,
          0.0,
          0.0,
          1.0
        ]
      ]
    },
    {
      "file_path": "./images_230914002521/0067.jpg",
      "sharpness": 140.91123433278403,
      "transform_matrix": [
        [
          0.9929207060472941,
          0.11196570394721132,
          -0.039650381218356213,
          -0.050895650813896624
        ],
        [
          -0.10704753008628116,
          0.6988669294757341,
          -0.7071957587454759,
          -3.1181714103052753
        ],
        [
          -0.05147133078180452,
          0.7064337874636145,
          0.7059050971100715,
          3.0565082606321483
        ],
        [
          0.0,
          0.0,
          0.0,
          1.0
        ]
      ]
    },
    {
      "file_path": "./images_230914002521/0008.jpg",
      "sharpness": 88.49676105879674,
      "transform_matrix": [
        [
          -0.021150458343435166,
          0.6655381047252835,
          -0.7460641322025565,
          -2.958094681045334
        ],
        [
          -0.9997714642776663,
          -0.011757592206898907,
          0.017854361976593472,
          0.010727624257984035
        ],
        [
          0.0031108404043496156,
          0.7462712578364307,
          0.6656346839579705,
          2.6639430756747453
        ],
        [
          0.0,
          0.0,
          0.0,
          1.0
        ]
      ]
    },
    {
      "file_path": "./images_230914002521/0022.jpg",
      "sharpness": 189.14095376629186,
      "transform_matrix": [
        [
          -0.9485775938391144,
          0.21659867566173852,
          -0.23083665709022516,
          -1.1020936707247284
        ],
        [
          -0.31599010600698496,
          -0.6047874347050808,
          0.7310146453584531,
          3.247635103489904
        ],
        [
          0.01872969439648272,
          0.7663662130995137,
          0.6421308480800018,
          2.864490572945641
        ],
        [
          0.0,
          0.0,
          0.0,
          1.0
        ]
      ]
    },
    {
      "file_path": "./images_230914002521/0079.jpg",
      "sharpness": 97.03943216662817,
      "transform_matrix": [
        [
          0.6189563221005326,
          0.5600019711665923,
          -0.5507184977008904,
          -2.515095251948671
        ],
        [
          -0.7828791702922437,
          0.3834665093498071,
          -0.4899526925424592,
          -2.314185726244686
        ],
        [
          -0.06319237365442625,
          0.734405357123998,
          0.6757628988248091,
          3.182552648786185
        ],
        [
          0.0,
          0.0,
          0.0,
          1.0
        ]
      ]
    },
    {
      "file_path": "./images_230914002521/0021.jpg",
      "sharpness": 116.72950320111383,
      "transform_matrix": [
        [
          -0.9165742452462415,
          0.2747479078257636,
          -0.2905257995174632,
          -1.3221557083215527
        ],
        [
          -0.3989042868184297,
          -0.5779454179293941,
          0.7119371207152362,
          3.1205269109414258
        ],
        [
          0.027695179798617662,
          0.7684352159412181,
          0.6393280034582505,
          2.875185034202596
        ],
        [
          0.0,
          0.0,
          0.0,
          1.0
        ]
      ]
    },
    {
      "file_path": "./images_230914002521/0080.jpg",
      "sharpness": 94.87337837139651,
      "transform_matrix": [
        [
          0.5807035066675574,
          0.5679843170877578,
          -0.5832471628520525,
          -2.728334442219161
        ],
        [
          -0.8122361412433352,
          0.355558500395013,
          -0.4624398378762255,
          -2.2976875068251617
        ],
        [
          -0.05528008892697978,
          0.7422748604235752,
          0.6678114580029336,
          3.18895682630017
        ],
        [
          0.0,
          0.0,
          0.0,
          1.0
        ]
      ]
    },
    {
      "file_path": "./images_230914002521/0020.jpg",
      "sharpness": 112.85056944274784,
      "transform_matrix": [
        [
          -0.8861660375905516,
          0.3136960180531843,
          -0.341034546882351,
          -1.5480431697183372
        ],
        [
          -0.46249589080882564,
          -0.5536678160438662,
          0.6924951266703396,
          3.002758569849915
        ],
        [
          0.028413110989860182,
          0.7713927390091592,
          0.6357247339976965,
          2.816735645336814
        ],
        [
          0.0,
          0.0,
          0.0,
          1.0
        ]
      ]
    },
    {
      "file_path": "./images_230914002521/0078.jpg",
      "sharpness": 80.13213540393217,
      "transform_matrix": [
        [
          0.6591012015805582,
          0.5518762577635995,
          -0.5108994052458105,
          -2.2543540739671126
        ],
        [
          -0.7483425109765319,
          0.41386709332372545,
          -0.5183604106498811,
          -2.3681812397404896
        ],
        [
          -0.07462635177235528,
          0.723979713289195,
          0.685772762987464,
          3.1445725814015635
        ],
        [
          0.0,
          0.0,
          0.0,
          1.0
        ]
      ]
    },
    {
      "file_path": "./images_230914002521/0019.jpg",
      "sharpness": 130.84830353748535,
      "transform_matrix": [
        [
          -0.8466909506765855,
          0.35147483569880655,
          -0.39947449731051643,
          -1.7837745865934764
        ],
        [
          -0.5316761748644047,
          -0.5294370398008781,
          0.661072511883864,
          2.8762016496307026
        ],
        [
          0.02085375716735481,
          0.7721151862390437,
          0.6351403467578396,
          2.800412398909419
        ],
        [
          0.0,
          0.0,
          0.0,
          1.0
        ]
      ]
    },
    {
      "file_path": "./images_230914002521/0077.jpg",
      "sharpness": 73.51990302589206,
      "transform_matrix": [
        [
          0.702486213604443,
          0.5336442827971601,
          -0.4708894766526545,
          -1.9197692332832736
        ],
        [
          -0.7077901829332199,
          0.4546109326686999,
          -0.5407050553133911,
          -2.447711694443701
        ],
        [
          -0.07447265728257414,
          0.7131287958051956,
          0.6970660972958882,
          3.064504935439166
        ],
        [
          0.0,
          0.0,
          0.0,
          1.0
        ]
      ]
    },
    {
      "file_path": "./images_230914002521/0018.jpg",
      "sharpness": 123.79657173898487,
      "transform_matrix": [
        [
          -0.797551765446933,
          0.393190801725551,
          -0.45750647531976274,
          -2.07691721070235
        ],
        [
          -0.6030831900696361,
          -0.5018283209156436,
          0.6200475805794426,
          2.7194462303846736
        ],
        [
          0.014207298998268347,
          0.7704345071655915,
          0.6373608263082244,
          2.760100448317431
        ],
        [
          0.0,
          0.0,
          0.0,
          1.0
        ]
      ]
    },
    {
      "file_path": "./images_230914002521/0076.jpg",
      "sharpness": 88.24579063443664,
      "transform_matrix": [
        [
          0.757978434707104,
          0.4953177305458061,
          -0.42441611469704305,
          -1.6098005691246262
        ],
        [
          -0.6490267187602141,
          0.5078105840878712,
          -0.5664739438170902,
          -2.4595368222189165
        ],
        [
          -0.06506159316420336,
          0.7048324315476189,
          0.7063839130545255,
          2.9866582577826444
        ],
        [
          0.0,
          0.0,
          0.0,
          1.0
        ]
      ]
    },
    {
      "file_path": "./images_230914002521/0017.jpg",
      "sharpness": 120.44396971664311,
      "transform_matrix": [
        [
          -0.7531527922277248,
          0.42726649823348517,
          -0.5002041694503252,
          -2.2886354901331356
        ],
        [
          -0.6577847794379229,
          -0.47878086553146065,
          0.5814534089166143,
          2.6122605199273274
        ],
        [
          0.008947376721852446,
          0.766949947751689,
          0.6416445450419537,
          2.8617683426006866
        ],
        [
          0.0,
          0.0,
          0.0,
          1.0
        ]
      ]
    },
    {
      "file_path": "./images_230914002521/0075.jpg",
      "sharpness": 111.0668349825529,
      "transform_matrix": [
        [
          0.8110285196253755,
          0.44606115224100434,
          -0.37849991929234655,
          -1.368332385587384
        ],
        [
          -0.5825426021726993,
          0.5564754126503747,
          -0.592435002147458,
          -2.434065821199232
        ],
        [
          -0.05363634090945496,
          0.7009740106726293,
          0.7111670544843808,
          2.9779709723836794
        ],
        [
          0.0,
          0.0,
          0.0,
          1.0
        ]
      ]
    },
    {
      "file_path": "./images_230914002521/0016.jpg",
      "sharpness": 87.93029671885166,
      "transform_matrix": [
        [
          -0.714453150406591,
          0.45646811828422945,
          -0.5302768644328781,
          -2.389060768355835
        ],
        [
          -0.6996771096759984,
          -0.4629162251779761,
          0.5442063125896444,
          2.485723087436765
        ],
        [
          0.002939067083712696,
          0.759832498335273,
          0.6501122491130835,
          2.879082064027689
        ],
        [
          0.0,
          0.0,
          0.0,
          1.0
        ]
      ]
    },
    {
      "file_path": "./images_230914002521/0074.jpg",
      "sharpness": 113.4446881354426,
      "transform_matrix": [
        [
          0.850025128502654,
          0.4059578598423323,
          -0.3356419178751254,
          -1.2893815218039513
        ],
        [
          -0.5239397980300248,
          0.5859842139887493,
          -0.6181501346729992,
          -2.4219760550093756
        ],
        [
          -0.05426204030536857,
          0.7012993063212529,
          0.7107987858908067,
          2.964403651142138
        ],
        [
          0.0,
          0.0,
          0.0,
          1.0
        ]
      ]
    },
    {
      "file_path": "./images_230914002521/0015.jpg",
      "sharpness": 93.20873589296575,
      "transform_matrix": [
        [
          -0.6707393765142184,
          0.495009770388467,
          -0.552335057824404,
          -2.4588203247565006
        ],
        [
          -0.7416909846001492,
          -0.44586531319940137,
          0.5010974015582836,
          2.2089217973909303
        ],
        [
          0.00178106613973622,
          0.7457676915610612,
          0.6662037061707993,
          2.886468709953954
        ],
        [
          0.0,
          0.0,
          0.0,
          1.0
        ]
      ]
    },
    {
      "file_path": "./images_230914002521/0073.jpg",
      "sharpness": 124.87084492435693,
      "transform_matrix": [
        [
          0.8743980995937659,
          0.38230926107601776,
          -0.2987768270983086,
          -1.3076798776193965
        ],
        [
          -0.4803754347865401,
          0.5953964866844332,
          -0.6440050196213368,
          -2.4555309494795323
        ],
        [
          -0.06831841002362447,
          0.7066418135072365,
          0.704265533973987,
          2.903836511932544
        ],
        [
          0.0,
          0.0,
          0.0,
          1.0
        ]
      ]
    },
    {
      "file_path": "./images_230914002521/0014.jpg",
      "sharpness": 102.5659874130249,
      "transform_matrix": [
        [
          -0.6000780851160035,
          0.5482645589148436,
          -0.5825051633162022,
          -2.4375329783483553
        ],
        [
          -0.7999301035333612,
          -0.4074011684163363,
          0.44060880317364626,
          1.8364242720564434
        ],
        [
          0.004256906982426756,
          0.7303631024939432,
          0.6830458383937215,
          2.8200161328978384
        ],
        [
          0.0,
          0.0,
          0.0,
          1.0
        ]
      ]
    },
    {
      "file_path": "./images_230914002521/0072.jpg",
      "sharpness": 92.12960256551105,
      "transform_matrix": [
        [
